100
0 454 518 540 371 717 276 130 694 445 712 806 304 820 401 275 456 1047 630 736 600 580 554 900 433 469 276 581 531 286 617 427 149 671 760 210 578 275 306 480 672 657 488 106 470 381 571 679 168 670 247 372 209 350 736 449 711 639 266 328 452 719 792 449 350 921 598 197 763 391 634 357 642 218 37 321 182 493 713 484 302 194 747 199 556 632 828 537 663 237 226 571 924 691 751 858 811 592 118 589 
454 0 199 650 531 969 299 424 887 468 954 517 320 835 433 117 783 854 749 191 48 129 930 866 811 199 257 640 879 788 580 155 647 360 695 541 806 180 653 784 1015 97 707 686 159 111 660 552 767 568 426 235 351 739 684 115 327 234 525 728 135 311 867 570 648 763 669 622 587 275 126 831 528 533 542 534 559 851 144 260 332 734 855 678 785 103 759 733 421 134 459 246 763 498 409 593 839 148 434 482 
518 199 0 541 418 805 388 362 716 304 782 384 269 651 256 352 841 739 562 169 346 39 817 573 754 10 413 469 874 784 361 414 661 80 540 461 725 279 826 717 979 267 674 590 101 319 619 367 567 362 528 114 291 540 529 198 241 140 693 761 319 207 665 549 584 731 446 764 392 136 27 707 290 386 590 360 677 887 208 498 286 654 620 550 723 205 566 494 159 124 530 10 768 341 179 452 777 359 513 282 
540 650 541 0 281 417 681 608 240 191 332 468 466 303 274 652 433 397 88 717 739 556 374 391 488 518 719 223 487 548 331 750 442 602 247 337 60 516 805 248 609 727 118 676 452 603 104 477 464 112 725 351 447 294 303 650 581 476 854 360 768 537 191 208 302 454 128 736 289 439 616 507 337 207 510 190 745 561 805 736 347 539 197 513 343 891 303 48 503 413 829 479 500 442 544 387 326 759 372 301 
371 531 418 281 0 471 413 381 367 131 374 458 299 560 324 395 374 622 343 696 649 486 459 518 469 277 609 282 493 382 498 646 213 516 448 57 230 392 564 309 547 663 134 381 408 457 367 506 307 308 546 168 216 172 449 506 533 336 509 293 632 511 464 65 238 584 148 483 372 302 423 368 393 94 339 10 506 571 680 569 271 347 400 255 229 657 401 316 425 288 560 487 500 429 454 585 485 581 187 336 
717 969 805 417 471 0 766 686 156 496 54 803 737 374 597 753 254 693 330 971 1044 932 140 504 191 740 774 456 116 412 676 966 448 858 502 482 126 781 823 237 241 937 166 639 849 766 320 725 518 504 891 701 640 312 452 854 911 708 933 365 952 859 418 274 376 564 432 637 698 768 886 503 701 412 673 470 763 418 1038 945 521 461 348 464 155 1010 438 242 678 664 963 784 609 653 870 687 424 996 440 657 
276 299 388 681 413 766 0 81 764 453 760 668 203 891 582 111 812 958 757 441 332 398 774 963 769 355 56 739 825 595 663 182 358 615 679 406 691 159 407 658 866 430 677 317 359 164 746 690 374 638 122 356 261 561 765 228 727 495 321 543 185 537 932 535 477 929 543 429 716 293 379 639 699 422 241 466 309 731 455 122 202 389 864 467 753 415 763 719 650 267 203 382 1025 737 730 767 828 402 423 624 
130 424 362 608 381 686 81 0 726 486 791 667 146 867 490 64 735 924 775 532 391 446 725 931 714 445 111 670 780 472 626 284 191 525 687 323 609 162 342 596 819 405 586 257 361 284 590 701 248 541 113 407 220 444 724 219 607 409 251 532 360 559 791 497 460 924 499 363 649 273 491 589 675 215 94 451 264 654 486 238 278 270 796 441 621 571 834 669 572 330 153 408 848 728 682 821 803 402 263 533 
694 887 716 240 367 156 764 726 0 380 116 649 664 296 451 792 462 455 167 765 947 802 217 386 463 634 829 181 386 492 575 854 506 736 292 516 106 769 997 127 444 930 187 777 620 783 72 639 621 323 934 560 607 320 370 688 708 667 875 462 891 647 223 253 411 417 238 762 531 589 674 557 444 313 772 377 1010 522 991 960 508 543 150 505 341 976 323 196 514 681 1018 796 470 508 832 523 320 811 456 572 
445 468 304 191 131 496 453 486 380 0 464 381 188 443 126 464 454 600 251 564 561 426 461 508 631 270 549 244 588 505 275 500 411 463 274 234 251 334 653 399 574 562 221 527 379 399 170 321 507 262 673 197 110 399 196 375 444 301 634 412 633 295 341 228 376 364 105 569 455 346 320 534 306 280 437 49 621 669 580 531 215 490 414 471 424 609 405 214 329 243 758 313 456 283 429 434 388 628 296 172 
712 954 782 332 374 54 760 791 116 464 0 614 670 430 505 876 239 644 439 953 1051 871 120 451 199 779 877 449 245 427 720 1011 579 905 508 492 233 813 881 204 231 1059 276 625 811 743 341 786 627 475 972 736 605 387 484 899 886 782 887 450 1051 784 396 268 431 529 373 737 755 708 924 465 665 376 739 385 790 268 1084 1038 597 549 338 372 249 1056 437 290 739 690 966 893 593 638 911 532 428 1076 472 679 
806 517 384 468 458 803 668 667 649 381 614 0 487 390 154 726 848 433 355 382 623 375 743 323 799 291 736 404 855 789 26 698 757 360 265 675 441 419 1028 691 927 520 565 854 350 614 494 99 788 287 783 411 414 688 274 472 210 243 939 765 692 247 499 617 743 296 316 1012 31 393 373 848 84 567 750 469 838 1002 527 760 436 794 464 783 683 538 304 505 37 518 878 314 348 61 122 271 356 669 642 173 
304 320 269 466 299 737 203 146 664 188 670 487 0 647 353 145 697 704 597 382 361 265 575 645 584 237 291 442 691 551 510 278 329 328 579 304 541 125 439 447 781 238 552 385 280 171 540 433 281 485 336 165 100 480 608 169 377 379 408 406 260 354 693 412 409 708 417 530 507 118 243 560 467 204 328 287 445 703 378 338 104 387 675 386 592 461 675 474 332 54 373 374 712 506 565 627 739 447 278 408 
820 835 651 303 560 374 891 867 296 443 430 390 647 0 394 854 650 230 198 725 913 761 566 48 662 578 968 217 668 753 473 1001 716 617 113 572 354 795 1063 533 754 834 319 915 667 761 169 480 834 210 994 543 689 554 254 725 642 520 1060 720 942 590 97 528 749 208 350 958 421 597 694 874 399 583 852 456 1028 820 928 923 557 740 37 772 606 997 115 306 405 699 1038 557 165 350 653 226 108 938 631 394 
401 433 256 274 324 597 582 490 451 126 505 154 353 394 0 533 600 393 250 337 474 423 603 432 684 95 535 250 641 672 153 588 466 351 261 335 342 315 864 480 747 430 282 499 339 450 312 202 612 287 640 121 218 452 298 315 220 188 753 541 512 179 436 464 408 491 128 787 171 219 314 677 93 274 486 254 564 782 492 561 239 564 315 518 460 499 331 308 134 306 578 304 513 190 355 324 506 503 449 168 
275 117 352 652 395 753 111 64 792 464 876 726 145 854 533 0 724 893 513 442 376 380 731 852 711 321 112 628 787 563 656 260 479 426 758 336 644 95 404 643 876 432 552 329 273 64 733 593 344 631 211 338 162 505 757 149 672 467 379 488 218 439 815 470 459 904 634 349 651 257 303 594 590 361 269 373 308 829 366 192 271 546 800 444 716 478 735 582 598 140 395 385 917 599 564 727 829 439 297 676 
456 783 841 433 374 254 812 735 462 454 239 848 697 650 600 724 0 815 628 1025 1009 816 117 801 10 838 806 675 101 289 834 949 313 954 645 394 399 767 757 173 137 917 306 522 839 822 396 898 509 651 798 735 519 145 736 841 1000 730 724 264 915 910 630 236 184 762 442 531 806 714 780 222 786 375 589 490 691 49 979 929 592 401 580 225 120 1084 654 435 794 740 818 900 901 694 1054 784 672 1076 405 853 
1047 854 739 397 622 693 958 924 455 600 644 433 704 230 393 893 815 0 319 757 953 757 760 104 881 659 980 338 872 956 271 1015 809 629 332 668 485 880 1247 631 1070 807 515 1014 788 853 409 526 961 330 1168 598 717 763 237 795 550 566 1201 982 1051 444 263 744 780 91 522 1109 288 725 648 1074 354 742 998 625 1208 972 865 1145 625 958 286 929 692 874 201 508 474 727 1127 701 53 202 479 161 163 1089 665 365 
630 749 562 88 343 330 757 775 167 251 439 355 597 198 250 513 628 319 0 600 756 569 385 273 605 481 794 102 517 574 302 801 550 583 118 448 136 714 887 485 606 739 209 762 588 659 162 378 621 47 814 384 512 426 171 606 512 511 843 472 786 515 136 394 462 243 156 857 314 528 573 709 351 348 656 314 910 604 754 861 475 565 89 544 434 817 149 239 445 526 933 562 259 311 576 287 181 862 482 265 
736 191 169 717 696 971 441 532 765 564 953 382 382 725 337 442 1025 757 600 0 296 149 1041 714 1001 235 574 594 1201 1017 379 324 748 134 672 539 762 234 838 889 1252 57 752 796 175 353 759 349 773 564 692 371 532 857 612 288 191 346 751 835 269 156 839 732 874 744 547 909 426 267 229 898 354 651 615 648 780 1092 124 465 392 797 753 841 947 172 621 739 221 431 629 178 816 563 293 473 696 205 777 406 
600 48 346 739 649 1044 332 391 947 561 1051 623 361 913 474 376 1009 953 756 296 0 172 1002 911 1004 257 406 660 1237 842 624 235 622 342 784 666 893 246 718 855 1048 95 826 600 239 163 723 528 774 657 479 289 361 758 715 176 279 418 687 901 152 304 1012 648 803 991 629 667 542 432 120 957 691 755 446 558 573 1015 111 324 422 782 905 875 978 110 765 781 469 367 524 254 950 722 430 658 884 10 680 565 
580 129 39 556 486 932 398 446 802 426 871 375 265 761 423 380 816 757 569 149 172 0 807 745 858 189 492 517 947 890 377 283 640 137 644 516 673 285 715 735 1060 99 661 672 123 197 658 323 651 447 556 159 269 665 560 17 257 200 675 722 262 120 761 660 711 740 480 704 403 263 64 887 390 521 619 495 646 873 260 396 252 657 824 645 760 111 647 612 293 255 642 28 693 281 331 605 688 270 669 348 
554 930 817 374 459 140 774 725 217 461 120 743 575 566 603 731 117 760 385 1041 1002 807 0 678 113 725 855 557 53 334 833 959 499 992 603 368 316 824 778 120 156 957 280 526 844 754 357 865 548 559 790 679 562 205 665 817 969 848 832 298 908 882 391 237 288 637 451 613 780 677 893 320 743 359 645 463 827 226 1133 893 531 469 578 350 59 1138 665 293 811 656 833 874 704 732 965 771 485 1047 424 712 
900 866 573 391 518 504 963 931 386 508 451 323 645 48 432 852 801 104 273 714 911 745 678 0 744 680 930 283 645 910 354 1010 736 643 224 663 346 755 1111 508 883 773 428 900 765 888 276 479 836 257 1018 560 636 762 160 775 666 497 1098 793 945 516 235 558 702 15 479 1179 251 744 695 898 421 617 960 515 1062 871 909 1040 639 920 277 792 633 923 87 389 479 685 1138 726 81 287 535 249 123 905 695 339 
433 811 754 488 469 191 769 714 463 631 199 799 584 662 684 711 10 881 605 1001 1004 858 113 744 0 738 732 601 141 273 705 952 339 953 713 498 272 843 694 151 143 1033 380 540 888 801 460 954 445 654 738 776 591 282 706 828 1028 800 749 282 891 870 529 283 166 801 464 498 867 814 823 248 814 319 590 452 703 116 1034 804 611 336 481 242 152 1077 670 370 737 822 812 851 756 870 994 829 608 966 361 699 
469 199 10 518 277 740 355 445 634 270 779 291 237 578 95 321 838 659 481 235 257 189 725 680 738 0 448 502 882 708 379 346 469 128 487 460 564 216 751 729 945 119 545 624 10 243 479 259 586 371 601 96 186 632 526 128 216 140 716 658 403 28 673 532 625 596 433 737 331 73 40 797 282 504 532 359 574 896 291 351 199 653 592 607 719 287 623 558 265 252 555 11 661 329 298 385 572 369 457 269 
276 257 413 719 609 774 56 111 829 549 877 736 291 968 535 112 806 980 794 574 406 492 855 930 732 448 0 710 872 615 750 177 527 541 823 412 647 142 271 621 961 407 669 263 430 215 729 709 352 773 162 338 266 681 774 366 655 530 328 574 150 427 1014 549 595 1040 649 451 792 368 494 589 645 419 195 610 116 721 460 183 291 453 952 379 734 466 778 728 603 254 170 515 868 809 666 774 952 362 365 679 
581 640 469 223 282 456 739 670 181 244 449 404 442 217 250 628 675 338 102 594 660 517 557 283 601 502 710 0 569 656 292 766 581 568 137 391 203 579 975 377 727 715 379 759 504 651 158 396 680 10 804 373 379 553 121 531 509 322 913 637 772 427 276 443 559 223 83 879 354 462 592 576 224 417 746 215 965 647 722 824 273 685 205 593 471 798 182 231 298 523 856 484 189 332 443 204 108 821 509 253 
531 879 874 487 493 116 825 780 386 588 245 855 691 668 641 787 101 872 517 1201 1237 947 53 645 141 882 872 569 0 242 818 1034 395 1023 658 480 343 737 880 180 12 1132 359 646 998 923 427 977 511 697 902 755 718 272 711 885 1027 828 851 329 1052 920 533 251 321 768 509 593 898 746 952 302 908 382 805 478 835 134 1135 924 643 502 758 399 125 1206 683 471 863 798 943 914 726 783 1143 787 591 1086 522 777 
286 788 784 548 382 412 595 472 492 505 427 789 551 753 672 563 289 956 574 1017 842 890 334 910 273 708 615 656 242 0 741 689 191 822 709 284 455 608 492 243 266 943 436 291 760 722 533 928 186 693 602 655 592 219 783 781 1073 819 590 88 661 899 667 307 194 947 523 281 862 652 789 10 661 362 383 345 523 241 910 721 440 135 744 132 183 1001 752 550 843 613 552 758 919 918 939 848 787 914 247 748 
617 580 361 331 498 676 663 626 575 275 720 26 510 473 153 656 834 271 302 379 624 377 833 354 705 379 750 292 818 741 0 642 750 336 190 372 487 573 1020 584 867 494 457 766 362 484 419 182 867 229 819 265 407 651 242 490 243 170 973 759 737 371 422 486 755 281 269 908 32 352 459 862 173 482 758 432 929 845 559 849 431 698 350 698 647 571 256 427 199 408 897 391 246 37 126 80 248 631 605 166 
427 155 414 750 646 966 182 284 854 500 1011 698 278 1001 588 260 949 1015 801 324 235 283 959 1010 952 346 177 766 1034 689 642 0 599 461 727 469 813 197 462 824 974 297 772 446 303 59 815 547 683 802 399 383 363 793 869 231 493 511 345 726 92 415 939 646 714 961 690 699 695 354 342 790 658 544 372 568 423 919 253 150 441 588 884 696 865 392 847 720 480 302 261 430 970 777 588 743 996 160 479 581 
149 647 661 442 213 448 358 191 506 411 579 757 329 716 466 479 313 809 550 748 622 640 499 736 339 469 527 581 395 191 750 599 0 699 659 153 488 509 385 274 411 810 378 200 589 512 439 766 32 553 567 483 311 288 670 579 783 530 435 130 703 662 773 101 130 784 450 248 695 539 658 177 672 121 153 287 420 360 815 571 260 55 582 60 282 739 679 378 599 367 423 620 816 605 840 721 774 732 14 633 
671 360 80 602 516 858 615 525 736 463 905 360 328 617 351 426 954 629 583 134 342 137 992 643 953 128 541 568 1023 822 336 461 699 0 490 577 758 435 824 781 1149 179 658 808 59 387 603 225 744 550 644 220 439 676 545 266 84 186 912 784 365 59 737 590 666 536 480 940 277 309 177 993 300 578 757 507 728 1038 332 611 362 691 615 750 791 396 534 540 144 337 718 196 523 248 105 516 670 353 598 324 
760 695 540 247 448 502 679 687 292 274 508 265 579 113 261 758 645 332 118 672 784 644 603 224 713 487 823 137 658 709 190 727 659 490 0 605 281 633 1057 401 747 741 260 822 626 614 228 312 696 85 891 499 469 573 32 582 501 438 987 645 824 490 264 400 653 154 191 917 196 471 540 747 210 420 653 370 840 803 759 872 422 679 115 575 594 726 10 211 340 543 968 499 213 191 450 120 203 831 559 243 
210 541 461 337 57 482 406 323 516 234 492 675 304 572 335 336 394 668 448 539 666 516 368 663 498 460 412 391 480 284 372 469 153 577 605 0 378 338 443 243 558 524 327 301 384 379 246 500 269 403 377 344 144 227 508 268 530 438 417 309 528 499 525 89 151 645 340 437 673 298 403 412 472 104 205 133 417 459 703 531 155 221 578 64 285 635 533 370 540 339 504 537 755 517 636 621 525 675 46 499 
578 806 725 60 230 126 691 609 106 251 233 441 541 354 342 644 399 485 136 762 893 673 316 346 272 564 647 203 343 455 487 813 488 758 281 378 0 654 894 240 571 850 10 700 663 665 23 496 501 276 861 524 484 383 265 599 682 513 819 365 832 628 235 257 474 437 243 707 481 521 660 515 417 243 632 149 865 521 831 857 433 387 179 419 280 904 315 82 528 568 813 640 439 557 742 412 319 901 349 452 
275 180 279 516 392 781 159 162 769 334 813 419 125 795 315 95 767 880 714 234 246 285 824 755 843 216 142 579 737 608 573 197 509 435 633 338 654 0 473 498 858 303 541 359 233 10 568 382 477 668 326 166 125 522 608 136 450 387 384 610 209 420 683 578 448 829 426 471 453 198 299 614 531 437 333 249 378 828 363 243 256 484 691 635 604 398 701 545 359 10 282 237 790 586 568 670 620 348 349 514 
306 653 826 805 564 823 407 342 997 653 881 1028 439 1063 864 404 757 1247 887 838 718 715 778 1111 694 751 271 975 880 492 1020 462 385 824 1057 443 894 473 0 730 747 754 821 192 679 434 763 962 370 922 244 652 523 647 1090 671 977 821 46 483 616 802 1066 724 475 1102 772 197 988 587 767 522 862 506 285 618 81 649 869 299 548 379 1057 398 719 829 1056 815 927 591 131 679 1230 1112 965 1034 1149 773 516 1020 
480 784 717 248 309 237 658 596 127 399 204 691 447 533 480 643 173 631 485 889 855 735 120 508 151 729 621 377 180 243 584 824 274 781 401 243 240 498 730 0 322 760 146 491 759 708 359 635 344 431 765 625 378 126 601 689 892 552 729 257 788 693 419 130 167 588 327 579 585 621 702 266 627 238 468 229 622 320 950 772 389 273 451 276 37 917 551 272 574 552 788 631 682 704 720 595 468 835 356 483 
672 1015 979 609 547 241 866 819 444 574 231 927 781 754 747 876 137 1070 606 1252 1048 1060 156 883 143 945 961 727 12 266 867 974 411 1149 747 558 571 858 747 322 0 1093 540 594 983 959 569 1024 489 793 893 867 746 349 831 895 1123 885 846 384 1027 1025 536 341 328 878 561 597 967 979 1039 263 1007 574 652 439 799 107 1219 952 647 420 609 419 278 1206 816 576 876 823 1032 944 916 943 1118 823 698 1241 563 851 
657 97 267 727 663 937 430 405 930 562 1059 520 238 834 430 432 917 807 739 57 95 99 957 773 1033 119 407 715 1132 943 494 297 810 179 741 524 850 303 754 760 1093 0 756 671 119 278 763 415 690 589 639 266 439 738 737 230 241 269 638 848 312 215 900 693 797 867 654 821 452 304 162 908 453 680 638 636 683 982 39 313 423 651 829 800 866 55 731 759 450 370 508 180 624 544 282 667 838 62 631 453 
488 707 674 118 134 166 677 586 187 221 276 565 552 319 282 552 306 515 209 752 826 661 280 428 380 545 669 379 359 436 457 772 378 658 260 327 10 541 821 146 540 756 0 545 583 624 142 576 546 268 737 338 471 216 342 547 603 461 761 359 808 624 274 72 296 496 196 627 422 542 572 478 420 210 575 220 698 486 832 734 391 395 348 457 197 796 223 14 477 447 872 545 502 476 651 487 386 855 259 413 
106 686 590 676 381 639 317 257 777 527 625 854 385 915 499 329 522 1014 762 796 600 672 526 900 540 624 263 759 646 291 766 446 200 808 822 301 700 359 192 491 594 671 545 0 629 337 606 813 122 715 334 560 445 391 794 597 801 751 176 291 555 728 783 366 236 844 623 117 721 546 635 238 715 325 123 328 154 533 748 389 457 180 924 173 448 738 882 587 684 352 338 571 1036 814 830 855 914 799 160 658 
470 159 101 452 408 849 359 361 620 379 811 350 280 667 339 273 839 788 588 175 239 123 844 765 888 10 430 504 998 760 362 303 589 59 626 384 663 233 679 759 983 119 583 629 0 185 677 306 696 457 546 58 232 666 545 11 176 274 654 716 293 238 753 598 652 620 485 703 395 76 61 828 276 471 455 509 594 921 237 320 261 716 777 637 733 271 583 529 248 250 534 43 702 417 437 568 749 242 512 338 
381 111 319 603 457 766 164 284 783 399 743 614 171 761 450 64 822 853 659 353 163 197 754 888 801 243 215 651 923 722 484 59 512 387 614 379 665 10 434 708 959 278 624 337 185 0 709 589 468 527 362 234 224 688 716 242 420 362 357 620 124 377 853 506 550 850 492 531 514 207 295 561 479 370 248 405 315 806 308 174 308 503 794 565 648 397 763 582 476 113 341 366 855 639 563 623 871 249 410 562 
571 660 619 104 367 320 746 590 72 170 341 494 540 169 312 733 396 409 162 759 723 658 357 276 460 479 729 158 427 533 419 815 439 603 228 246 23 568 763 359 569 763 142 606 677 709 0 496 515 191 729 392 520 490 245 676 630 501 840 368 704 588 254 230 508 351 95 667 342 449 601 596 357 224 702 179 767 520 820 905 574 571 118 557 388 917 296 36 453 456 935 512 309 349 615 343 247 862 406 316 
679 552 367 477 506 725 690 701 639 321 786 99 433 480 202 593 898 526 378 349 528 323 865 479 954 259 709 396 977 928 182 547 766 225 312 500 496 382 962 635 1024 415 576 813 306 589 496 0 868 359 764 246 406 683 382 357 155 115 913 748 579 153 547 584 803 459 337 998 104 384 307 951 72 546 717 457 898 1032 461 710 303 839 417 741 810 397 376 515 140 493 870 167 353 104 181 159 422 616 618 106 
168 767 567 464 307 518 374 248 621 507 627 788 281 834 612 344 509 961 621 773 774 651 548 836 445 586 352 680 511 186 867 683 32 744 696 269 501 477 370 344 489 690 546 122 696 468 515 868 0 660 388 567 400 240 733 531 838 687 366 231 534 685 729 320 141 847 403 125 776 473 711 139 719 252 257 396 309 465 868 559 366 103 732 96 361 845 706 491 673 464 495 634 973 737 837 781 785 757 251 664 
670 568 362 112 308 504 638 541 323 262 475 287 485 210 287 631 651 330 47 564 657 447 559 257 654 371 773 10 697 693 229 802 553 550 85 403 276 668 922 431 793 589 268 715 457 527 191 359 660 0 772 401 465 403 172 549 482 297 838 611 755 426 201 436 574 295 137 857 230 353 590 708 170 339 638 301 803 754 679 878 360 618 224 579 552 659 201 229 326 433 819 482 300 237 450 117 283 707 550 111 
247 426 528 725 546 891 122 113 934 673 972 783 336 994 640 211 798 1168 814 692 479 556 790 1018 738 601 162 804 902 602 819 399 567 644 891 377 861 326 244 765 893 639 737 334 546 362 729 764 388 772 0 567 527 591 908 519 851 715 122 520 306 684 933 585 480 1048 682 377 942 545 545 561 809 506 198 595 45 729 645 167 393 344 1105 537 747 583 894 797 749 377 56 607 1150 827 908 914 1058 473 411 830 
372 235 114 351 168 701 356 407 560 197 736 411 165 543 121 338 735 598 384 371 289 159 679 560 776 96 338 373 755 655 265 383 483 220 499 344 524 166 652 625 867 266 338 560 58 234 392 246 567 401 567 0 186 501 332 160 335 168 687 634 410 175 592 603 560 534 276 563 326 102 157 640 241 367 416 389 587 778 397 497 223 595 474 603 608 437 504 413 208 91 544 138 644 398 322 361 576 371 444 204 
209 351 291 447 216 640 261 220 607 110 605 414 100 689 218 162 519 717 512 532 361 269 562 636 591 186 266 379 718 592 407 363 311 439 469 144 484 125 523 378 746 439 471 445 232 224 520 406 400 465 527 186 0 428 559 267 385 254 416 483 425 308 670 332 331 661 341 485 474 155 198 529 412 279 351 254 400 679 499 352 49 358 573 353 446 515 526 450 367 84 440 205 680 397 510 469 628 485 249 382 
350 739 540 294 172 312 561 444 320 399 387 688 480 554 452 505 145 763 426 857 758 665 205 762 282 632 681 553 272 219 651 793 288 676 573 227 383 522 647 126 349 738 216 391 666 688 490 683 240 403 591 501 428 0 497 632 712 579 562 160 660 739 532 31 108 710 376 426 653 614 616 284 736 163 379 213 575 278 822 677 293 191 447 152 67 855 603 334 528 446 678 638 715 620 768 611 441 878 212 532 
736 684 529 303 449 452 765 724 370 196 484 274 608 254 298 757 736 237 171 612 715 560 665 160 706 526 774 121 711 783 242 869 670 545 32 508 265 608 1090 601 831 737 342 794 545 716 245 382 733 172 908 332 559 497 0 599 532 408 1069 689 817 468 298 521 573 214 190 835 192 561 543 831 183 472 781 417 939 825 774 879 425 791 163 652 453 796 77 284 228 641 957 528 224 166 391 123 57 780 611 217 
449 115 198 650 506 854 228 219 688 375 899 472 169 725 315 149 841 795 606 288 176 17 817 775 828 128 366 531 885 781 490 231 579 266 582 268 599 136 671 689 895 230 547 597 11 242 676 357 531 549 519 160 267 632 599 0 277 254 543 685 212 206 813 509 657 817 459 632 428 76 138 800 310 402 309 474 501 792 362 322 278 637 696 535 733 260 579 693 358 123 433 99 685 508 373 513 726 243 350 474 
711 327 241 581 533 911 727 607 708 444 886 210 377 642 220 672 1000 550 512 191 279 257 969 666 1028 216 655 509 1027 1073 243 493 783 84 501 530 682 450 977 892 1123 241 603 801 176 420 630 155 838 482 851 335 385 712 532 277 0 223 788 907 531 127 671 671 808 577 443 934 247 355 238 947 290 542 750 622 774 999 335 742 469 819 656 832 848 382 562 679 150 376 819 191 567 342 74 326 619 401 646 437 
639 234 140 476 336 708 495 409 667 301 782 243 379 520 188 467 730 566 511 346 418 200 848 497 800 140 530 322 828 819 170 511 530 186 438 438 513 387 821 552 885 269 461 751 274 362 501 115 687 297 715 168 254 579 408 254 223 0 782 728 457 120 634 480 560 442 308 713 203 203 145 821 249 515 692 351 693 768 383 547 204 760 517 755 791 305 492 411 10 271 634 175 441 183 150 385 571 359 590 184 
266 525 693 854 509 933 321 251 875 634 887 939 408 1060 753 379 724 1201 843 751 687 675 832 1098 749 716 328 913 851 590 973 345 435 912 987 417 819 384 46 729 846 638 761 176 654 357 840 913 366 838 122 687 416 562 1069 543 788 782 0 564 461 803 923 539 459 1141 771 149 871 569 688 401 924 579 211 602 148 724 659 295 492 315 1074 480 749 745 1075 850 787 483 99 686 1221 940 887 952 1133 612 495 884 
328 728 761 360 293 365 543 532 462 412 450 765 406 720 541 488 264 982 472 835 901 722 298 793 282 658 574 637 329 88 759 726 130 784 645 309 365 610 483 257 384 848 359 291 716 620 368 748 231 611 520 634 483 160 689 685 907 728 564 0 715 830 637 194 108 846 444 337 721 560 664 100 880 264 410 318 497 158 876 643 487 112 628 142 103 931 721 447 706 564 562 737 878 756 873 783 707 879 206 631 
452 135 319 768 632 952 185 360 891 633 1051 692 260 942 512 218 915 1051 786 269 152 262 908 945 891 403 150 772 1052 661 737 92 703 365 824 528 832 209 616 788 1027 312 808 555 293 124 704 579 534 755 306 410 425 660 817 212 531 457 461 715 0 512 887 684 715 1012 655 597 671 390 288 894 732 574 475 638 428 936 272 177 401 604 837 776 1000 246 932 774 632 338 376 441 905 700 573 859 987 224 502 589 
719 311 207 537 511 859 537 559 647 295 784 247 354 590 179 439 910 444 515 156 304 120 882 516 870 28 427 427 920 899 371 415 662 59 490 499 628 420 802 693 1025 215 624 728 238 377 588 153 685 426 684 175 308 739 468 206 127 120 803 830 512 0 735 667 721 637 435 933 235 247 188 879 247 515 643 458 714 897 429 624 396 747 618 822 751 267 538 579 137 336 708 62 595 239 135 295 644 384 598 315 
792 867 665 191 464 418 932 791 223 341 396 499 693 97 436 815 630 263 136 839 1012 761 391 235 529 673 1014 276 533 667 422 939 773 737 264 525 235 683 1066 419 536 900 274 783 753 853 254 547 729 201 933 592 670 532 298 813 671 634 923 637 887 735 0 467 599 330 243 971 352 719 790 698 424 539 847 474 997 799 944 1020 654 678 142 689 399 1060 170 220 576 726 1068 688 286 463 765 441 132 1078 599 422 
449 570 549 208 65 274 535 497 253 228 268 617 412 528 464 470 236 744 394 732 648 660 237 558 283 532 549 443 251 307 486 646 101 590 400 89 257 578 724 130 341 693 72 366 598 506 230 584 320 436 585 603 332 31 521 509 671 480 539 194 684 667 467 0 179 661 354 439 604 424 569 295 544 64 471 204 689 298 875 712 342 270 341 194 67 754 444 203 585 473 695 614 741 612 775 527 514 847 124 486 
350 648 584 302 238 376 477 460 411 376 431 743 409 749 408 459 184 780 462 874 803 711 288 702 166 625 595 559 321 194 755 714 130 666 653 151 474 448 475 167 328 797 296 236 652 550 508 803 141 574 480 560 331 108 573 657 808 560 459 108 715 721 599 179 0 704 352 391 742 570 680 95 518 161 382 264 427 323 839 489 424 80 560 64 215 888 638 368 705 374 541 635 814 752 806 717 627 891 164 659 
921 763 731 454 584 564 929 924 417 364 529 296 708 208 491 904 762 91 243 744 991 740 637 15 801 596 1040 223 768 947 281 961 784 536 154 645 437 829 1102 588 878 867 496 844 620 850 351 459 847 295 1048 534 661 710 214 817 577 442 1141 846 1012 637 330 661 704 0 274 1044 303 628 682 959 389 622 931 551 1093 917 793 1010 550 778 228 867 630 874 57 398 547 725 1089 602 10 238 547 146 52 917 742 235 
598 669 446 128 148 432 543 499 238 105 373 316 417 350 128 634 442 522 156 547 629 480 451 479 464 433 649 83 509 523 269 690 450 480 191 340 243 426 772 327 561 654 196 623 485 492 95 337 403 137 682 276 341 376 190 459 443 308 771 444 655 435 243 354 352 274 0 626 258 319 418 523 336 292 570 136 791 442 706 732 231 505 269 337 334 712 262 86 352 368 735 374 392 365 484 288 250 709 339 292 
197 622 764 736 483 637 429 363 762 569 737 1012 530 958 787 349 531 1109 857 909 667 704 613 1179 498 737 451 879 593 281 908 699 248 940 917 437 707 471 197 579 597 821 627 117 703 531 667 998 125 857 377 563 485 426 835 632 934 713 149 337 597 933 971 439 391 1044 626 0 925 675 749 329 796 533 227 566 285 442 855 621 488 172 881 239 511 863 960 671 880 582 339 626 1036 866 917 1052 1047 879 298 882 
763 587 392 289 372 698 716 649 531 455 755 31 507 421 171 651 806 288 314 426 542 403 780 251 867 331 792 354 898 862 32 695 695 277 196 673 481 453 988 585 967 452 422 721 395 514 342 104 776 230 942 326 474 653 192 428 247 203 871 721 671 235 352 604 742 303 258 925 0 417 365 865 88 513 746 446 914 927 577 797 436 712 407 731 658 565 142 359 141 511 883 358 294 10 213 57 333 620 601 26 
391 275 136 439 302 768 293 273 589 346 708 393 118 597 219 257 714 725 528 267 432 263 677 744 814 73 368 462 746 652 352 354 539 309 471 298 521 198 587 621 979 304 542 546 76 207 449 384 473 353 545 102 155 614 561 76 355 203 569 560 390 247 719 424 570 628 319 675 417 0 140 655 402 376 408 349 513 774 333 426 84 475 614 530 689 338 553 487 402 95 550 196 642 361 380 523 709 380 439 350 
634 126 27 616 423 886 379 491 674 320 924 373 243 694 314 303 780 648 573 229 120 64 893 695 823 40 494 592 952 789 459 342 658 177 540 403 660 299 767 702 1039 162 572 635 61 295 601 307 711 590 545 157 198 616 543 138 238 145 688 664 288 188 790 569 680 682 418 749 365 140 0 862 366 421 581 412 543 914 214 337 255 614 687 635 826 194 617 621 279 169 512 65 618 314 264 466 668 227 574 357 
357 831 707 507 368 503 639 589 557 534 465 848 560 874 677 594 222 1074 709 898 957 887 320 898 248 797 589 576 302 10 862 790 177 993 747 412 515 614 522 266 263 908 478 238 828 561 596 951 139 708 561 640 529 284 831 800 947 821 401 100 894 879 698 295 95 959 523 329 865 655 862 0 823 270 399 479 491 238 1023 709 532 160 725 125 326 978 820 556 828 638 656 874 903 913 1025 983 728 921 272 759 
642 528 290 337 393 701 699 675 444 306 665 84 467 399 93 590 786 354 351 354 691 390 743 421 814 282 645 224 908 661 173 658 672 300 210 472 417 531 862 627 1007 453 420 715 276 479 357 72 719 170 809 241 412 736 183 310 290 249 924 880 732 247 424 544 518 389 336 796 88 402 366 823 0 421 593 363 854 870 487 750 369 744 391 749 637 480 259 378 80 429 781 207 420 127 248 158 339 587 635 10 
218 533 386 207 94 412 422 215 313 280 376 567 204 583 274 361 375 742 348 651 755 521 359 617 319 504 419 417 382 362 482 544 121 578 420 104 243 437 506 238 574 680 210 325 471 370 224 546 252 339 506 367 279 163 472 402 542 515 579 264 574 515 539 64 161 622 292 533 513 376 421 270 421 0 332 115 494 326 713 575 228 297 539 293 254 683 470 370 535 371 551 566 692 584 640 554 442 679 97 453 
37 542 590 510 339 673 241 94 772 437 739 750 328 852 486 269 589 998 656 615 446 619 645 960 590 532 195 746 805 383 758 372 153 757 653 205 632 333 285 468 652 638 575 123 455 248 702 717 257 638 198 416 351 379 781 309 750 692 211 410 475 643 847 471 382 931 570 227 746 408 581 399 593 332 0 448 56 621 601 323 341 239 774 257 511 619 821 616 642 362 230 473 886 809 797 852 908 589 357 679 
321 534 360 190 10 470 466 451 377 49 385 469 287 456 254 373 490 625 314 648 558 495 463 515 452 359 610 215 478 345 432 568 287 507 370 133 149 249 618 229 439 636 220 328 509 405 179 457 396 301 595 389 254 213 417 474 622 351 602 318 638 458 474 204 264 551 136 566 446 349 412 479 363 115 448 0 572 405 673 640 205 357 339 319 295 676 427 220 461 262 592 449 575 477 629 504 394 636 216 327 
182 559 677 745 506 763 309 264 1010 621 790 838 445 1028 564 308 691 1208 910 780 573 646 827 1062 703 574 116 965 835 523 929 423 420 728 840 417 865 378 81 622 799 683 698 154 594 315 767 898 309 803 45 587 400 575 939 501 774 693 148 497 428 714 997 689 427 1093 791 285 914 513 543 491 854 494 56 572 0 624 644 297 522 274 934 285 691 778 985 848 755 444 158 654 1173 872 918 948 980 560 385 825 
493 851 887 561 571 418 731 654 522 669 268 1002 703 820 782 829 49 972 604 1092 1015 873 226 871 116 896 721 647 134 241 845 919 360 1038 803 459 521 828 649 320 107 982 486 533 921 806 520 1032 465 754 729 778 679 278 825 792 999 768 724 158 936 897 799 298 323 917 442 442 927 774 914 238 870 326 621 405 624 0 1082 934 662 360 717 294 327 1178 697 460 894 634 863 851 954 951 1071 937 803 1127 474 829 
713 144 208 805 680 1038 455 486 991 580 1084 527 378 928 492 366 979 865 754 124 111 260 1133 909 1034 291 460 722 1135 910 559 253 815 332 759 703 831 363 869 950 1219 39 832 748 237 308 820 461 868 679 645 397 499 822 774 362 335 383 659 876 272 429 944 875 839 793 706 855 577 333 214 1023 487 713 601 673 644 1082 0 414 473 786 850 852 1000 39 790 653 430 329 568 307 802 551 383 620 938 140 751 593 
484 260 498 736 569 945 122 238 960 531 1038 760 338 923 561 192 929 1145 861 465 324 396 893 1040 804 351 183 824 924 721 849 150 571 611 872 531 857 243 299 772 952 313 734 389 320 174 905 710 559 878 167 497 352 677 879 322 742 547 295 643 177 624 1020 712 489 1010 732 621 797 426 337 709 750 575 323 640 297 934 414 0 411 529 1010 683 843 338 1010 862 732 357 176 553 1067 825 665 783 976 379 526 724 
302 332 286 347 271 521 202 278 508 215 597 436 104 557 239 271 592 625 475 392 422 252 531 639 611 199 291 273 643 440 431 441 260 362 422 155 433 256 548 389 647 423 391 457 261 308 574 303 366 360 393 223 49 293 425 278 469 204 492 487 401 396 654 342 424 550 231 488 436 84 255 532 369 228 341 205 522 662 473 411 0 462 505 372 511 405 583 371 331 110 495 323 707 398 490 486 624 504 268 311 
194 734 654 539 347 461 389 270 543 490 549 794 387 740 564 546 401 958 565 797 782 657 469 920 336 653 453 685 502 135 698 588 55 691 679 221 387 484 379 273 420 651 395 180 716 503 571 839 103 618 344 595 358 191 791 637 819 760 315 112 604 747 678 270 80 778 505 172 712 475 614 160 744 297 239 357 274 360 786 529 462 0 767 90 371 817 778 549 740 459 429 629 954 763 919 765 762 799 169 626 
747 855 620 197 400 348 864 796 150 414 338 464 675 37 315 800 580 286 89 753 905 824 578 277 481 592 952 205 758 744 350 884 582 615 115 578 179 691 1057 451 609 829 348 924 777 794 118 417 732 224 1105 474 573 447 163 696 656 517 1074 628 837 618 142 341 560 228 269 881 407 614 687 725 391 539 774 339 934 717 850 1010 505 767 0 663 468 953 66 182 460 638 1070 731 267 382 589 280 106 1056 666 364 
199 678 550 513 255 464 467 441 505 471 372 783 386 772 518 444 225 929 544 841 875 645 350 792 242 607 379 593 399 132 698 696 60 750 575 64 419 635 398 276 419 800 457 173 637 565 557 741 96 579 537 603 353 152 652 535 832 755 480 142 776 822 689 194 64 867 337 239 731 530 635 125 749 293 257 319 285 294 852 683 372 90 663 0 318 871 713 430 738 331 464 728 840 840 931 750 747 764 184 658 
556 785 723 343 229 155 753 621 341 424 249 683 592 606 460 716 120 692 434 947 978 760 59 633 152 719 734 471 125 183 647 865 282 791 594 285 280 604 719 37 278 866 197 448 733 648 388 810 361 552 747 608 446 67 453 733 848 791 749 103 1000 751 399 67 215 630 334 511 658 689 826 326 637 254 511 295 691 327 1000 843 511 371 468 318 0 1053 512 382 698 680 757 753 646 750 880 690 493 958 292 579 
632 103 205 891 657 1010 415 571 976 609 1056 538 461 997 499 478 1084 874 817 172 110 111 1138 923 1077 287 466 798 1206 1001 571 392 739 396 726 635 904 398 829 917 1206 55 796 738 271 397 917 397 845 659 583 437 515 855 796 260 382 305 745 931 246 267 1060 754 888 874 712 863 565 338 194 978 480 683 619 676 778 1178 39 338 405 817 953 871 1053 0 920 759 449 418 697 307 796 637 401 659 903 76 697 549 
828 759 566 303 401 438 763 834 323 405 437 304 675 115 331 735 654 201 149 621 765 647 665 87 670 623 778 182 683 752 256 847 679 534 10 533 315 701 1056 551 816 731 223 882 583 763 296 376 706 201 894 504 526 603 77 579 562 492 1075 721 932 538 170 444 638 57 262 960 142 553 617 820 259 470 821 427 985 697 790 1010 583 778 66 713 512 920 0 231 378 585 1114 517 85 309 454 189 110 867 654 297 
537 733 494 48 316 242 719 669 196 214 290 505 474 306 308 582 435 508 239 739 781 612 293 389 370 558 728 231 471 550 427 720 378 540 211 370 82 545 815 272 576 759 14 587 529 582 36 515 491 229 797 413 450 334 284 693 679 411 850 447 774 579 220 203 368 398 86 671 359 487 621 556 378 370 616 220 848 460 653 862 371 549 182 430 382 759 231 0 371 543 827 481 484 460 595 389 273 797 419 317 
663 421 159 503 425 678 650 572 514 329 739 37 332 405 134 598 794 474 445 221 469 293 811 479 737 265 603 298 863 843 199 480 599 144 340 540 528 359 927 574 876 450 477 684 248 476 453 140 673 326 749 208 367 528 228 358 150 10 787 706 632 137 576 585 705 547 352 880 141 402 279 828 80 535 642 461 755 894 430 732 331 740 460 738 698 449 378 371 0 379 789 219 370 105 222 180 486 499 585 118 
237 134 124 413 288 664 267 330 681 243 690 518 54 699 306 140 740 727 526 431 367 255 656 685 822 252 254 523 798 613 408 302 367 337 543 339 568 10 591 552 823 370 447 352 250 113 456 493 464 433 377 91 84 446 641 123 376 271 483 564 338 336 726 473 374 725 368 582 511 95 169 638 429 371 362 262 444 634 329 357 110 459 638 331 680 418 585 543 379 0 431 250 630 505 521 676 655 361 306 325 
226 459 530 829 560 963 203 153 1018 758 966 878 373 1038 578 395 818 1127 933 629 524 642 833 1138 812 555 170 856 943 552 897 261 423 718 968 504 813 282 131 788 1032 508 872 338 534 341 935 870 495 819 56 544 440 678 957 433 819 634 99 562 376 708 1068 695 541 1089 735 339 883 550 512 656 781 551 230 592 158 863 568 176 495 429 1070 464 757 697 1114 827 789 431 0 573 1157 923 812 926 1081 516 481 934 
571 246 10 479 487 784 382 408 796 313 893 314 374 557 304 385 900 701 562 178 254 28 874 726 851 11 515 484 914 758 391 430 620 196 499 537 640 237 679 631 944 180 545 571 43 366 512 167 634 482 607 138 205 638 528 99 191 175 686 737 441 62 688 614 635 602 374 626 358 196 65 874 207 566 473 449 654 851 307 553 323 629 731 728 753 307 517 481 219 250 573 0 688 377 333 456 611 209 540 300 
924 763 768 500 500 609 1025 848 470 456 593 348 712 165 513 917 901 53 259 816 950 693 704 81 756 661 868 189 726 919 246 970 816 523 213 755 439 790 1230 682 916 624 502 1036 702 855 309 353 973 300 1150 644 680 715 224 685 567 441 1221 878 905 595 286 741 814 10 392 1036 294 642 618 903 420 692 886 575 1173 954 802 1067 707 954 267 840 646 796 85 484 370 630 1157 688 0 368 472 279 194 876 774 296 
691 498 341 442 429 653 737 728 508 283 638 61 506 350 190 599 694 202 311 563 722 281 732 287 870 329 809 332 783 918 37 777 605 248 191 517 557 586 1112 704 943 544 476 814 417 639 349 104 737 237 827 398 397 620 166 508 342 183 940 756 700 239 463 612 752 238 365 866 10 361 314 913 127 584 809 477 872 951 551 825 398 763 382 840 750 637 309 460 105 505 923 377 368 0 293 63 329 646 614 38 
751 409 179 544 454 870 730 682 832 429 911 122 565 653 355 564 1054 479 576 293 430 331 965 535 994 298 666 443 1143 939 126 588 840 105 450 636 742 568 965 720 1118 282 651 830 437 563 615 181 837 450 908 322 510 768 391 373 74 150 887 873 573 135 765 775 806 547 484 917 213 380 264 1025 248 640 797 629 918 1071 383 665 490 919 589 931 880 401 454 595 222 521 812 333 472 293 0 282 606 497 721 222 
858 593 452 387 585 687 767 821 523 434 532 271 627 226 324 727 784 161 287 473 658 605 771 249 829 385 774 204 787 848 80 743 721 516 120 621 412 670 1034 595 823 667 487 855 568 623 343 159 781 117 914 361 469 611 123 513 326 385 952 783 859 295 441 527 717 146 288 1052 57 523 466 983 158 554 852 504 948 937 620 783 486 765 280 750 690 659 189 389 180 676 926 456 279 63 282 0 262 729 655 94 
811 839 777 326 485 424 828 803 320 388 428 356 739 108 506 829 672 163 181 696 884 688 485 123 608 572 952 108 591 787 248 996 774 670 203 525 319 620 1149 468 698 838 386 914 749 871 247 422 785 283 1058 576 628 441 57 726 619 571 1133 707 987 644 132 514 627 52 250 1047 333 709 668 728 339 442 908 394 980 803 938 976 624 762 106 747 493 903 110 273 486 655 1081 611 194 329 606 262 0 935 647 368 
592 148 359 759 581 996 402 402 811 628 1076 669 447 938 503 439 1076 1089 862 205 10 270 1047 905 966 369 362 821 1086 914 631 160 732 353 831 675 901 348 773 835 1241 62 855 799 242 249 862 616 757 707 473 371 485 878 780 243 401 359 612 879 224 384 1078 847 891 917 709 879 620 380 227 921 587 679 589 636 560 1127 140 379 504 799 1056 764 958 76 867 797 499 361 516 209 876 646 497 729 935 0 683 593 
118 434 513 372 187 440 423 263 456 296 472 642 278 631 449 297 405 665 482 777 680 669 424 695 361 457 365 509 522 247 605 479 14 598 559 46 349 349 516 356 563 631 259 160 512 410 406 618 251 550 411 444 249 212 611 350 646 590 495 206 502 598 599 124 164 742 339 298 601 439 574 272 635 97 357 216 385 474 751 526 268 169 666 184 292 697 654 419 585 306 481 540 774 614 721 655 647 683 0 493 
589 482 282 301 336 657 624 533 572 172 679 173 408 394 168 676 853 365 265 406 565 348 712 339 699 269 679 253 777 748 166 581 633 324 243 499 452 514 1020 483 851 453 413 658 338 562 316 106 664 111 830 204 382 532 217 474 437 184 884 631 589 315 422 486 659 235 292 882 26 350 357 759 10 453 679 327 825 829 593 724 311 626 364 658 579 549 297 317 118 325 934 300 296 38 222 94 368 593 493 0 
